2.500000000000000000e-01 2.000000000000000111e-01 0.000000000000000000e+00 1.875027399099000031e+06 1.011854035218000063e+05
2.500000000000000000e-01 4.000000000000000222e-01 0.000000000000000000e+00 1.875093638662999962e+06 1.008376476394000056e+05
2.500000000000000000e-01 5.999999999999999778e-01 0.000000000000000000e+00 1.875140286896999925e+06 1.006043222564000025e+05
2.500000000000000000e-01 8.000000000000000444e-01 0.000000000000000000e+00 1.875155810388999991e+06 1.005166780616000033e+05
7.500000000000000000e-01 2.000000000000000111e-01 0.000000000000000000e+00 1.875034520142999943e+06 1.011502313821999996e+05
7.500000000000000000e-01 4.000000000000000222e-01 0.000000000000000000e+00 1.875121670012000017e+06 1.006958314643000049e+05
7.500000000000000000e-01 5.999999999999999778e-01 0.000000000000000000e+00 1.875157587647000095e+06 1.005237244689000072e+05
7.500000000000000000e-01 8.000000000000000444e-01 0.000000000000000000e+00 1.875133799291000003e+06 1.006492970874000021e+05
1.250000000000000000e+00 2.000000000000000111e-01 0.000000000000000000e+00 1.875035479463000083e+06 1.011446904125000001e+05
1.250000000000000000e+00 4.000000000000000222e-01 0.000000000000000000e+00 1.875101848321999889e+06 1.008022577081000054e+05
1.250000000000000000e+00 5.999999999999999778e-01 0.000000000000000000e+00 1.875150160127999960e+06 1.005631334776000003e+05
1.250000000000000000e+00 8.000000000000000444e-01 0.000000000000000000e+00 1.875145359233000083e+06 1.005913921697000042e+05
1.750000000000000000e+00 2.000000000000000111e-01 0.000000000000000000e+00 1.875019181874000002e+06 1.012275704999000009e+05
1.750000000000000000e+00 4.000000000000000222e-01 0.000000000000000000e+00 1.875059532718000002e+06 1.010186761509000062e+05
1.750000000000000000e+00 5.999999999999999778e-01 0.000000000000000000e+00 1.875095409576999955e+06 1.008362042764000071e+05
1.750000000000000000e+00 8.000000000000000444e-01 0.000000000000000000e+00 1.875091179802000057e+06 1.008627344388000056e+05
2.500000000000000000e-01 2.000000000000000111e-01 0.000000000000000000e+00 1.875076223873999901e+06 1.009327509008000052e+05
2.500000000000000000e-01 4.000000000000000222e-01 0.000000000000000000e+00 1.875213758387000067e+06 1.001762743394999998e+05
2.500000000000000000e-01 5.999999999999999778e-01 0.000000000000000000e+00 1.875319555427999934e+06 9.964271617677000177e+04
2.500000000000000000e-01 8.000000000000000444e-01 0.000000000000000000e+00 1.875342296876000008e+06 9.949297479609999573e+04
7.500000000000000000e-01 2.000000000000000111e-01 0.000000000000000000e+00 1.875100517617000034e+06 1.008136080114999932e+05
7.500000000000000000e-01 4.000000000000000222e-01 0.000000000000000000e+00 1.875288913928000024e+06 9.979249905924999621e+04
7.500000000000000000e-01 5.999999999999999778e-01 0.000000000000000000e+00 1.875388296435999917e+06 9.932504129336999904e+04
7.500000000000000000e-01 8.000000000000000444e-01 0.000000000000000000e+00 1.875349958910000045e+06 9.954824064514999918e+04
1.250000000000000000e+00 2.000000000000000111e-01 0.000000000000000000e+00 1.875100783870999934e+06 1.008088337835999992e+05
1.250000000000000000e+00 4.000000000000000222e-01 0.000000000000000000e+00 1.875252523447999964e+06 1.000036105396000057e+05
1.250000000000000000e+00 5.999999999999999778e-01 0.000000000000000000e+00 1.875375666927000042e+06 9.939871791274000134e+04
1.250000000000000000e+00 8.000000000000000444e-01 0.000000000000000000e+00 1.875376166920999996e+06 9.941583690511999885e+04
1.750000000000000000e+00 2.000000000000000111e-01 0.000000000000000000e+00 1.875055432255000109e+06 1.010413607144999987e+05
1.750000000000000000e+00 4.000000000000000222e-01 0.000000000000000000e+00 1.875144866724000080e+06 1.005635845268999983e+05
1.750000000000000000e+00 5.999999999999999778e-01 0.000000000000000000e+00 1.875223477067000000e+06 1.001577057430999994e+05
1.750000000000000000e+00 8.000000000000000444e-01 0.000000000000000000e+00 1.875226068334999960e+06 1.001672086648999975e+05
2.500000000000000000e-01 2.000000000000000111e-01 0.000000000000000000e+00 1.875134495916000102e+06 1.006224307902000000e+05
2.500000000000000000e-01 4.000000000000000222e-01 0.000000000000000000e+00 1.875316841081999941e+06 9.953708796090999385e+04
2.500000000000000000e-01 5.999999999999999778e-01 0.000000000000000000e+00 1.875470614009999903e+06 9.874008583356000599e+04
2.500000000000000000e-01 8.000000000000000444e-01 0.000000000000000000e+00 1.875492956477999920e+06 9.855279669438999554e+04
7.500000000000000000e-01 2.000000000000000111e-01 0.000000000000000000e+00 1.875183251664000098e+06 1.003846121839999978e+05
7.500000000000000000e-01 4.000000000000000222e-01 0.000000000000000000e+00 1.875442770148999989e+06 9.888302300014000502e+04
7.500000000000000000e-01 5.999999999999999778e-01 0.000000000000000000e+00 1.875610961942000082e+06 9.809941454046999570e+04
7.500000000000000000e-01 8.000000000000000444e-01 0.000000000000000000e+00 1.875580306655999972e+06 9.833992502503999276e+04
1.250000000000000000e+00 2.000000000000000111e-01 0.000000000000000000e+00 1.875180368599999929e+06 1.003899273701000056e+05
1.250000000000000000e+00 4.000000000000000222e-01 0.000000000000000000e+00 1.875400502942000050e+06 9.916473999755999830e+04
1.250000000000000000e+00 5.999999999999999778e-01 0.000000000000000000e+00 1.875599573191999923e+06 9.818495117718999973e+04
1.250000000000000000e+00 8.000000000000000444e-01 0.000000000000000000e+00 1.875617591698999982e+06 9.814584403450999525e+04
1.750000000000000000e+00 2.000000000000000111e-01 0.000000000000000000e+00 1.875101109376000008e+06 1.008018135082999943e+05
1.750000000000000000e+00 4.000000000000000222e-01 0.000000000000000000e+00 1.875227293177000014e+06 1.000903624741999956e+05
1.750000000000000000e+00 5.999999999999999778e-01 0.000000000000000000e+00 1.875339474143000087e+06 9.949158486139999877e+04
1.750000000000000000e+00 8.000000000000000444e-01 0.000000000000000000e+00 1.875358903609999921e+06 9.944865053595000063e+04
2.500000000000000000e-01 2.000000000000000111e-01 0.000000000000000000e+00 1.875194424812000012e+06 1.002892187547000067e+05
2.500000000000000000e-01 4.000000000000000222e-01 0.000000000000000000e+00 1.875390646780000068e+06 9.897412229509999452e+04
2.500000000000000000e-01 5.999999999999999778e-01 0.000000000000000000e+00 1.875574395334000001e+06 9.797526106325000001e+04
2.500000000000000000e-01 8.000000000000000444e-01 0.000000000000000000e+00 1.875594142728999956e+06 9.775802911227000004e+04
7.500000000000000000e-01 2.000000000000000111e-01 0.000000000000000000e+00 1.875270802040999988e+06 9.991735042652000266e+04
7.500000000000000000e-01 4.000000000000000222e-01 0.000000000000000000e+00 1.875561069072999991e+06 9.806465559374999430e+04
7.500000000000000000e-01 5.999999999999999778e-01 0.000000000000000000e+00 1.875788854398000054e+06 9.700221941131999483e+04
7.500000000000000000e-01 8.000000000000000444e-01 0.000000000000000000e+00 1.875785609355000081e+06 9.719580799797999498e+04
1.250000000000000000e+00 2.000000000000000111e-01 0.000000000000000000e+00 1.875262894618999911e+06 9.993901733703000355e+04
1.250000000000000000e+00 4.000000000000000222e-01 0.000000000000000000e+00 1.875522311240999959e+06 9.838816328111999610e+04
1.250000000000000000e+00 5.999999999999999778e-01 0.000000000000000000e+00 1.875784643542000093e+06 9.708108440154000709e+04
1.250000000000000000e+00 8.000000000000000444e-01 0.000000000000000000e+00 1.875828415691999951e+06 9.696003650040000502e+04
1.750000000000000000e+00 2.000000000000000111e-01 0.000000000000000000e+00 1.875150595106000081e+06 1.005340749508000008e+05
1.750000000000000000e+00 4.000000000000000222e-01 0.000000000000000000e+00 1.875295587587000104e+06 9.964729714208999940e+04
1.750000000000000000e+00 5.999999999999999778e-01 0.000000000000000000e+00 1.875428699221000075e+06 9.889934066795000399e+04
1.750000000000000000e+00 8.000000000000000444e-01 0.000000000000000000e+00 1.875469824490000028e+06 9.879109021872999438e+04
2.500000000000000000e-01 2.000000000000000111e-01 0.000000000000000000e+00 1.875252204802999971e+06 9.994963535291999870e+04
2.500000000000000000e-01 4.000000000000000222e-01 0.000000000000000000e+00 1.875436718973000068e+06 9.848564878965000389e+04
2.500000000000000000e-01 5.999999999999999778e-01 0.000000000000000000e+00 1.875633463864000048e+06 9.734062984584999504e+04
2.500000000000000000e-01 8.000000000000000444e-01 0.000000000000000000e+00 1.875651898948000045e+06 9.709355938613999751e+04
7.500000000000000000e-01 2.000000000000000111e-01 0.000000000000000000e+00 1.875355979470999911e+06 9.944292998005000118e+04
7.500000000000000000e-01 4.000000000000000222e-01 0.000000000000000000e+00 1.875640771195000038e+06 9.735402805864000402e+04
7.500000000000000000e-01 5.999999999999999778e-01 0.000000000000000000e+00 1.875912876808000030e+06 9.606878060220000043e+04
7.500000000000000000e-01 8.000000000000000444e-01 0.000000000000000000e+00 1.875950043012999929e+06 9.617985460151000007e+04
1.250000000000000000e+00 2.000000000000000111e-01 0.000000000000000000e+00 1.875342052668000106e+06 9.948342695220999303e+04
1.250000000000000000e+00 4.000000000000000222e-01 0.000000000000000000e+00 1.875611784894000040e+06 9.770070274264999898e+04
1.250000000000000000e+00 5.999999999999999778e-01 0.000000000000000000e+00 1.875919828343000030e+06 9.613078640805000032e+04
1.250000000000000000e+00 8.000000000000000444e-01 0.000000000000000000e+00 1.875993212004000088e+06 9.591994273413000337e+04
1.750000000000000000e+00 2.000000000000000111e-01 0.000000000000000000e+00 1.875200780494000064e+06 1.002514991121000057e+05
1.750000000000000000e+00 4.000000000000000222e-01 0.000000000000000000e+00 1.875348017355999909e+06 9.924217853259999538e+04
1.750000000000000000e+00 5.999999999999999778e-01 0.000000000000000000e+00 1.875490768718000036e+06 9.838335593377999612e+04
1.750000000000000000e+00 8.000000000000000444e-01 0.000000000000000000e+00 1.875554550736000063e+06 9.821051261910999892e+04
2.500000000000000000e-01 2.000000000000000111e-01 0.000000000000000000e+00 1.875306308080000104e+06 9.961070764715000405e+04
2.500000000000000000e-01 4.000000000000000222e-01 0.000000000000000000e+00 1.875460661056000041e+06 9.805653115443000570e+04
2.500000000000000000e-01 5.999999999999999778e-01 0.000000000000000000e+00 1.875656780572999967e+06 9.680887963015999412e+04
2.500000000000000000e-01 8.000000000000000444e-01 0.000000000000000000e+00 1.875676580796000082e+06 9.653105473685999459e+04
7.500000000000000000e-01 2.000000000000000111e-01 0.000000000000000000e+00 1.875434979695999995e+06 9.897731609052000567e+04
7.500000000000000000e-01 4.000000000000000222e-01 0.000000000000000000e+00 1.875686152493000031e+06 9.674103200890999869e+04
7.500000000000000000e-01 5.999999999999999778e-01 0.000000000000000000e+00 1.875986195809999947e+06 9.528853875438999967e+04
7.500000000000000000e-01 8.000000000000000444e-01 0.000000000000000000e+00 1.876070525483000092e+06 9.530355372794000141e+04
1.250000000000000000e+00 2.000000000000000111e-01 0.000000000000000000e+00 1.875414769509000005e+06 9.903646704561999650e+04
1.250000000000000000e+00 4.000000000000000222e-01 0.000000000000000000e+00 1.875670432011999888e+06 9.709952442620000511e+04
1.250000000000000000e+00 5.999999999999999778e-01 0.000000000000000000e+00 1.876006365188000025e+06 9.533001770147000207e+04
1.250000000000000000e+00 8.000000000000000444e-01 0.000000000000000000e+00 1.876110009249999886e+06 9.503259430723999685e+04
1.750000000000000000e+00 2.000000000000000111e-01 0.000000000000000000e+00 1.875250108653000090e+06 9.996081590586999664e+04
1.750000000000000000e+00 4.000000000000000222e-01 0.000000000000000000e+00 1.875386438498999923e+06 9.886995244884000567e+04
1.750000000000000000e+00 5.999999999999999778e-01 0.000000000000000000e+00 1.875530007037000032e+06 9.793037129691000155e+04
1.750000000000000000e+00 8.000000000000000444e-01 0.000000000000000000e+00 1.875615209453999996e+06 9.769925856810000550e+04
2.500000000000000000e-01 2.000000000000000111e-01 0.000000000000000000e+00 1.875356321395999985e+06 9.927536711162999563e+04
2.500000000000000000e-01 4.000000000000000222e-01 0.000000000000000000e+00 1.875468359121999936e+06 9.767202643427999283e+04
2.500000000000000000e-01 5.999999999999999778e-01 0.000000000000000000e+00 1.875653744971999899e+06 9.635440665903000627e+04
2.500000000000000000e-01 8.000000000000000444e-01 0.000000000000000000e+00 1.875677736826000037e+06 9.604616793266999593e+04
7.500000000000000000e-01 2.000000000000000111e-01 0.000000000000000000e+00 1.875506036114000017e+06 9.852823727531000623e+04
7.500000000000000000e-01 4.000000000000000222e-01 0.000000000000000000e+00 1.875703496150000021e+06 9.620991257219000545e+04
7.500000000000000000e-01 5.999999999999999778e-01 0.000000000000000000e+00 1.876016307255000109e+06 9.463850183916000242e+04
7.500000000000000000e-01 8.000000000000000444e-01 0.000000000000000000e+00 1.876149863621999975e+06 9.455743062812999415e+04
1.250000000000000000e+00 2.000000000000000111e-01 0.000000000000000000e+00 1.875479781762999948e+06 9.860440039475000231e+04
1.250000000000000000e+00 4.000000000000000222e-01 0.000000000000000000e+00 1.875702501534000039e+06 9.657321204509999370e+04
1.250000000000000000e+00 5.999999999999999778e-01 0.000000000000000000e+00 1.876050228552999906e+06 9.465968170817999635e+04
1.250000000000000000e+00 8.000000000000000444e-01 0.000000000000000000e+00 1.876182744411000051e+06 9.428460040693999326e+04
1.750000000000000000e+00 2.000000000000000111e-01 0.000000000000000000e+00 1.875297833679999923e+06 9.966575063934999343e+04
1.750000000000000000e+00 4.000000000000000222e-01 0.000000000000000000e+00 1.875413616500000004e+06 9.852363377657999808e+04
1.750000000000000000e+00 5.999999999999999778e-01 0.000000000000000000e+00 1.875551510570999933e+06 9.752645540583999536e+04
1.750000000000000000e+00 8.000000000000000444e-01 0.000000000000000000e+00 1.875655836397999898e+06 9.724496432511000603e+04
2.500000000000000000e-01 2.000000000000000111e-01 0.000000000000000000e+00 1.875402330706000095e+06 9.894495731990000058e+04
2.500000000000000000e-01 4.000000000000000222e-01 0.000000000000000000e+00 1.875464796859000111e+06 9.732087245203999919e+04
2.500000000000000000e-01 5.999999999999999778e-01 0.000000000000000000e+00 1.875632336499999976e+06 9.595774055791999854e+04
2.500000000000000000e-01 8.000000000000000444e-01 0.000000000000000000e+00 1.875662900179000106e+06 9.562096682308999880e+04
7.500000000000000000e-01 2.000000000000000111e-01 0.000000000000000000e+00 1.875568553749999963e+06 9.809917593649000628e+04
7.500000000000000000e-01 4.000000000000000222e-01 0.000000000000000000e+00 1.875699015007999958e+06 9.574596308577999298e+04
7.500000000000000000e-01 5.999999999999999778e-01 0.000000000000000000e+00 1.876011555065999972e+06 9.409538053312999546e+04
7.500000000000000000e-01 8.000000000000000444e-01 0.000000000000000000e+00 1.876193185332000023e+06 9.392548718050999742e+04
1.250000000000000000e+00 2.000000000000000111e-01 0.000000000000000000e+00 1.875536804088999983e+06 9.819006491298000037e+04
1.250000000000000000e+00 4.000000000000000222e-01 0.000000000000000000e+00 1.875712828271999955e+06 9.610956782835999911e+04
1.250000000000000000e+00 5.999999999999999778e-01 0.000000000000000000e+00 1.876058664621999953e+06 9.409844860992000031e+04
1.250000000000000000e+00 8.000000000000000444e-01 0.000000000000000000e+00 1.876217489903999958e+06 9.365704148352000630e+04
1.750000000000000000e+00 2.000000000000000111e-01 0.000000000000000000e+00 1.875343618252000073e+06 9.936875275645000511e+04
1.750000000000000000e+00 4.000000000000000222e-01 0.000000000000000000e+00 1.875432219066000078e+06 9.819746976974999416e+04
1.750000000000000000e+00 5.999999999999999778e-01 0.000000000000000000e+00 1.875559829777000006e+06 9.716061613829999988e+04
1.750000000000000000e+00 8.000000000000000444e-01 0.000000000000000000e+00 1.875680576322000008e+06 9.683658964295999613e+04
2.500000000000000000e-01 2.000000000000000111e-01 0.000000000000000000e+00 1.875444620131999953e+06 9.862025656117999461e+04
2.500000000000000000e-01 4.000000000000000222e-01 0.000000000000000000e+00 1.875453843123999890e+06 9.699517030757000612e+04
2.500000000000000000e-01 5.999999999999999778e-01 0.000000000000000000e+00 1.875598782969000051e+06 9.560505180458999530e+04
2.500000000000000000e-01 8.000000000000000444e-01 0.000000000000000000e+00 1.875637644160999916e+06 9.524278132456999447e+04
7.500000000000000000e-01 2.000000000000000111e-01 0.000000000000000000e+00 1.875622600718999980e+06 9.769142318831000011e+04
7.500000000000000000e-01 4.000000000000000222e-01 0.000000000000000000e+00 1.875678141613000073e+06 9.533706305183000222e+04
7.500000000000000000e-01 5.999999999999999778e-01 0.000000000000000000e+00 1.875979735857000109e+06 9.363910926167000434e+04
7.500000000000000000e-01 8.000000000000000444e-01 0.000000000000000000e+00 1.876206220663999906e+06 9.339107650537000154e+04
1.250000000000000000e+00 2.000000000000000111e-01 0.000000000000000000e+00 1.875586071393999970e+06 9.779459402268000122e+04
1.250000000000000000e+00 4.000000000000000222e-01 0.000000000000000000e+00 1.875705970424999949e+06 9.569796365418999630e+04
1.250000000000000000e+00 5.999999999999999778e-01 0.000000000000000000e+00 1.876038727578999940e+06 9.362703321264000260e+04
1.250000000000000000e+00 8.000000000000000444e-01 0.000000000000000000e+00 1.876220710325999884e+06 9.313119164063999779e+04
1.750000000000000000e+00 2.000000000000000111e-01 0.000000000000000000e+00 1.875387333779999986e+06 9.907169096783999703e+04
1.750000000000000000e+00 4.000000000000000222e-01 0.000000000000000000e+00 1.875444505813000025e+06 9.788737479484999494e+04
1.750000000000000000e+00 5.999999999999999778e-01 0.000000000000000000e+00 1.875558656038000016e+06 9.682489025029000186e+04
1.750000000000000000e+00 8.000000000000000444e-01 0.000000000000000000e+00 1.875693073272000067e+06 9.646558582910000405e+04
2.500000000000000000e-01 2.000000000000000111e-01 0.000000000000000000e+00 1.875483530466000084e+06 9.830185035230999347e+04
2.500000000000000000e-01 4.000000000000000222e-01 0.000000000000000000e+00 1.875438366690000053e+06 9.668957285747000424e+04
2.500000000000000000e-01 5.999999999999999778e-01 0.000000000000000000e+00 1.875557736071000108e+06 9.528671505256999808e+04
2.500000000000000000e-01 8.000000000000000444e-01 0.000000000000000000e+00 1.875605960726999911e+06 9.490266023066999333e+04
7.500000000000000000e-01 2.000000000000000111e-01 0.000000000000000000e+00 1.875668609528000001e+06 9.730511666568000510e+04
7.500000000000000000e-01 4.000000000000000222e-01 0.000000000000000000e+00 1.875645368572999956e+06 9.497360954472000594e+04
7.500000000000000000e-01 5.999999999999999778e-01 0.000000000000000000e+00 1.875927614668000024e+06 9.325333114127999579e+04
7.500000000000000000e-01 8.000000000000000444e-01 0.000000000000000000e+00 1.876194512425000081e+06 9.293901012181000260e+04
1.250000000000000000e+00 2.000000000000000111e-01 0.000000000000000000e+00 1.875628083749999991e+06 9.741822921195000526e+04
1.250000000000000000e+00 4.000000000000000222e-01 0.000000000000000000e+00 1.875685910186999943e+06 9.532973285272000066e+04
1.250000000000000000e+00 5.999999999999999778e-01 0.000000000000000000e+00 1.875996721233000048e+06 9.322920858568999392e+04
1.250000000000000000e+00 8.000000000000000444e-01 0.000000000000000000e+00 1.876198501026999904e+06 9.269039112256000226e+04
1.750000000000000000e+00 2.000000000000000111e-01 0.000000000000000000e+00 1.875428960517999949e+06 9.877610397835999902e+04
1.750000000000000000e+00 4.000000000000000222e-01 0.000000000000000000e+00 1.875452282471999992e+06 9.759061721394999768e+04
1.750000000000000000e+00 5.999999999999999778e-01 0.000000000000000000e+00 1.875550854699000018e+06 9.651364097937000042e+04
1.750000000000000000e+00 8.000000000000000444e-01 0.000000000000000000e+00 1.875696331756999949e+06 9.612560384256999532e+04
2.500000000000000000e-01 2.000000000000000111e-01 0.000000000000000000e+00 1.875519395798000041e+06 9.799024724470000365e+04
2.500000000000000000e-01 4.000000000000000222e-01 0.000000000000000000e+00 1.875420432878999971e+06 9.640050733686999592e+04
2.500000000000000000e-01 5.999999999999999778e-01 0.000000000000000000e+00 1.875512573941000039e+06 9.499601983860999462e+04
2.500000000000000000e-01 8.000000000000000444e-01 0.000000000000000000e+00 1.875570653713000007e+06 9.459416107705999457e+04
7.500000000000000000e-01 2.000000000000000111e-01 0.000000000000000000e+00 1.875707198453000048e+06 9.693977675390000513e+04
7.500000000000000000e-01 4.000000000000000222e-01 0.000000000000000000e+00 1.875604298661000095e+06 9.464806342517999292e+04
7.500000000000000000e-01 5.999999999999999778e-01 0.000000000000000000e+00 1.875860830342999892e+06 9.292496972074999940e+04
7.500000000000000000e-01 8.000000000000000444e-01 0.000000000000000000e+00 1.876163079858999932e+06 9.255612606803000381e+04
1.250000000000000000e+00 2.000000000000000111e-01 0.000000000000000000e+00 1.875663461052000057e+06 9.706072026392999396e+04
1.250000000000000000e+00 4.000000000000000222e-01 0.000000000000000000e+00 1.875655992941000033e+06 9.499795831649999309e+04
1.250000000000000000e+00 5.999999999999999778e-01 0.000000000000000000e+00 1.875938039667000063e+06 9.289169834411999909e+04
1.250000000000000000e+00 8.000000000000000444e-01 0.000000000000000000e+00 1.876156288388000103e+06 9.232042785016000562e+04
1.750000000000000000e+00 2.000000000000000111e-01 0.000000000000000000e+00 1.875468535063999938e+06 9.848328724722999323e+04
1.750000000000000000e+00 4.000000000000000222e-01 0.000000000000000000e+00 1.875456945584000088e+06 9.730541457819000061e+04
1.750000000000000000e+00 5.999999999999999778e-01 0.000000000000000000e+00 1.875538596343999961e+06 9.622286246687000676e+04
1.750000000000000000e+00 8.000000000000000444e-01 0.000000000000000000e+00 1.875692749216000084e+06 9.581193403495999519e+04
2.500000000000000000e-01 2.000000000000000111e-01 0.000000000000000000e+00 1.875552518205000088e+06 9.768590189872999326e+04
2.500000000000000000e-01 4.000000000000000222e-01 0.000000000000000000e+00 1.875401494820999913e+06 9.612558442929999728e+04
2.500000000000000000e-01 5.999999999999999778e-01 0.000000000000000000e+00 1.875465697299000109e+06 9.472822084306000033e+04
2.500000000000000000e-01 8.000000000000000444e-01 0.000000000000000000e+00 1.875533663582999958e+06 9.431251740830999915e+04
7.500000000000000000e-01 2.000000000000000111e-01 0.000000000000000000e+00 1.875739063387000002e+06 9.659459596038999734e+04
7.500000000000000000e-01 4.000000000000000222e-01 0.000000000000000000e+00 1.875557764910999918e+06 9.435448472114000469e+04
7.500000000000000000e-01 5.999999999999999778e-01 0.000000000000000000e+00 1.875783963356999913e+06 9.264362166689999867e+04
7.500000000000000000e-01 8.000000000000000444e-01 0.000000000000000000e+00 1.876116302763999905e+06 9.223127128040000389e+04
1.250000000000000000e+00 2.000000000000000111e-01 0.000000000000000000e+00 1.875692859476000071e+06 9.672153622127999552e+04
1.250000000000000000e+00 4.000000000000000222e-01 0.000000000000000000e+00 1.875618964032999938e+06 9.469713452761000372e+04
1.250000000000000000e+00 5.999999999999999778e-01 0.000000000000000000e+00 1.875867180342999985e+06 9.260375251536999713e+04
1.250000000000000000e+00 8.000000000000000444e-01 0.000000000000000000e+00 1.876098746750999941e+06 9.200939206064000609e+04
1.750000000000000000e+00 2.000000000000000111e-01 0.000000000000000000e+00 1.875506121426000027e+06 9.819432728764999774e+04
1.750000000000000000e+00 4.000000000000000222e-01 0.000000000000000000e+00 1.875459551357999910e+06 9.703060736331999942e+04
1.750000000000000000e+00 5.999999999999999778e-01 0.000000000000000000e+00 1.875523499110999983e+06 9.594965598511000280e+04
1.750000000000000000e+00 8.000000000000000444e-01 0.000000000000000000e+00 1.875684201845000032e+06 9.552101907898999343e+04
2.500000000000000000e-01 2.000000000000000111e-01 0.000000000000000000e+00 1.875583160468999995e+06 9.738921137128000555e+04
2.500000000000000000e-01 4.000000000000000222e-01 0.000000000000000000e+00 1.875382552567000035e+06 9.586318630356999347e+04
2.500000000000000000e-01 5.999999999999999778e-01 0.000000000000000000e+00 1.875418777990000090e+06 9.447988711633000639e+04
2.500000000000000000e-01 8.000000000000000444e-01 0.000000000000000000e+00 1.875496313691999996e+06 9.405409251806999964e+04
7.500000000000000000e-01 2.000000000000000111e-01 0.000000000000000000e+00 1.875764912898000097e+06 9.626860210939000535e+04
7.500000000000000000e-01 4.000000000000000222e-01 0.000000000000000000e+00 1.875507962985000107e+06 9.408815152923000278e+04
7.500000000000000000e-01 5.999999999999999778e-01 0.000000000000000000e+00 1.875700664450000040e+06 9.240099791724000534e+04
7.500000000000000000e-01 8.000000000000000444e-01 0.000000000000000000e+00 1.876057912517999997e+06 9.195508807850000449e+04
1.250000000000000000e+00 2.000000000000000111e-01 0.000000000000000000e+00 1.875716924274000106e+06 9.639998512696000398e+04
1.250000000000000000e+00 4.000000000000000222e-01 0.000000000000000000e+00 1.875577040743000107e+06 9.442285467359000177e+04
1.250000000000000000e+00 5.999999999999999778e-01 0.000000000000000000e+00 1.875787827184000053e+06 9.235668947399999888e+04
1.250000000000000000e+00 8.000000000000000444e-01 0.000000000000000000e+00 1.876029816052000038e+06 9.174737846317999356e+04
1.750000000000000000e+00 2.000000000000000111e-01 0.000000000000000000e+00 1.875541794670999981e+06 9.791012275845999829e+04
1.750000000000000000e+00 4.000000000000000222e-01 0.000000000000000000e+00 1.875460883945999900e+06 9.676543040847999509e+04
1.750000000000000000e+00 5.999999999999999778e-01 0.000000000000000000e+00 1.875506753891000059e+06 9.569186979353999777e+04
1.750000000000000000e+00 8.000000000000000444e-01 0.000000000000000000e+00 1.875672138481999980e+06 9.525009968395999749e+04
2.500000000000000000e-01 2.000000000000000111e-01 0.000000000000000000e+00 1.875611547147999983e+06 9.710050696158999926e+04
2.500000000000000000e-01 4.000000000000000222e-01 0.000000000000000000e+00 1.875364276646000100e+06 9.561219077682000352e+04
2.500000000000000000e-01 5.999999999999999778e-01 0.000000000000000000e+00 1.875372953810000094e+06 9.424846949456000584e+04
2.500000000000000000e-01 8.000000000000000444e-01 0.000000000000000000e+00 1.875459489990999922e+06 9.381602632711999468e+04
7.500000000000000000e-01 2.000000000000000111e-01 0.000000000000000000e+00 1.875785430509000085e+06 9.596075344296000549e+04
7.500000000000000000e-01 4.000000000000000222e-01 0.000000000000000000e+00 1.875456573376999935e+06 9.384526897799999279e+04
7.500000000000000000e-01 5.999999999999999778e-01 0.000000000000000000e+00 1.875613797763000010e+06 9.219046572380000725e+04
7.500000000000000000e-01 8.000000000000000444e-01 0.000000000000000000e+00 1.875991033474999946e+06 9.171975742547999835e+04
1.250000000000000000e+00 2.000000000000000111e-01 0.000000000000000000e+00 1.875736264350000070e+06 9.609528679257999465e+04
1.250000000000000000e+00 4.000000000000000222e-01 0.000000000000000000e+00 1.875531991879000096e+06 9.417155832813000598e+04
1.250000000000000000e+00 5.999999999999999778e-01 0.000000000000000000e+00 1.875702956632999936e+06 9.214349115529000119e+04
1.250000000000000000e+00 8.000000000000000444e-01 0.000000000000000000e+00 1.875952764070000034e+06 9.152617325151999830e+04
1.750000000000000000e+00 2.000000000000000111e-01 0.000000000000000000e+00 1.875575631793000037e+06 9.763140374695000355e+04
1.750000000000000000e+00 4.000000000000000222e-01 0.000000000000000000e+00 1.875461514927000040e+06 9.650936227799000335e+04
1.750000000000000000e+00 5.999999999999999778e-01 0.000000000000000000e+00 1.875489226138999918e+06 9.544785990902000049e+04
1.750000000000000000e+00 8.000000000000000444e-01 0.000000000000000000e+00 1.875657666182999965e+06 9.499697368778999953e+04
2.500000000000000000e-01 2.000000000000000111e-01 0.000000000000000000e+00 1.875637868829000043e+06 9.682004984895999951e+04
2.500000000000000000e-01 4.000000000000000222e-01 0.000000000000000000e+00 1.875347100577000063e+06 9.537179085175000364e+04
2.500000000000000000e-01 5.999999999999999778e-01 0.000000000000000000e+00 1.875328975764000090e+06 9.403201652207000006e+04
2.500000000000000000e-01 8.000000000000000444e-01 0.000000000000000000e+00 1.875423769811999984e+06 9.359600673032000486e+04
7.500000000000000000e-01 2.000000000000000111e-01 0.000000000000000000e+00 1.875801254230000079e+06 9.566999516843000310e+04
7.500000000000000000e-01 4.000000000000000222e-01 0.000000000000000000e+00 1.875404866195000010e+06 9.362275232086000324e+04
7.500000000000000000e-01 5.999999999999999778e-01 0.000000000000000000e+00 1.875525577583000064e+06 9.200668882598000346e+04
7.500000000000000000e-01 8.000000000000000444e-01 0.000000000000000000e+00 1.875918245801999932e+06 9.151875480210999376e+04
1.250000000000000000e+00 2.000000000000000111e-01 0.000000000000000000e+00 1.875751440033999970e+06 9.580661902794000343e+04
1.250000000000000000e+00 4.000000000000000222e-01 0.000000000000000000e+00 1.875485213214999996e+06 9.394033789563999744e+04
1.250000000000000000e+00 5.999999999999999778e-01 0.000000000000000000e+00 1.875614945134999929e+06 9.195846927921999304e+04
1.250000000000000000e+00 8.000000000000000444e-01 0.000000000000000000e+00 1.875870265388000058e+06 9.133897123609000118e+04
1.750000000000000000e+00 2.000000000000000111e-01 0.000000000000000000e+00 1.875607706917000003e+06 9.735875121753000712e+04
1.750000000000000000e+00 4.000000000000000222e-01 0.000000000000000000e+00 1.875461852256000042e+06 9.626202895458000421e+04
1.750000000000000000e+00 5.999999999999999778e-01 0.000000000000000000e+00 1.875471535702999914e+06 9.521633271359000355e+04
1.750000000000000000e+00 8.000000000000000444e-01 0.000000000000000000e+00 1.875641622736999998e+06 9.475983621350000612e+04
2.500000000000000000e-01 2.000000000000000111e-01 0.000000000000000000e+00 1.875662287327999948e+06 9.654803088898000715e+04
2.500000000000000000e-01 4.000000000000000222e-01 0.000000000000000000e+00 1.875331288758999901e+06 9.514137831977999303e+04
2.500000000000000000e-01 5.999999999999999778e-01 0.000000000000000000e+00 1.875287317035000073e+06 9.382898838399999659e+04
2.500000000000000000e-01 8.000000000000000444e-01 0.000000000000000000e+00 1.875389513413999928e+06 9.339211989659999381e+04
7.500000000000000000e-01 2.000000000000000111e-01 0.000000000000000000e+00 1.875812966969999950e+06 9.539529301279000356e+04
7.500000000000000000e-01 4.000000000000000222e-01 0.000000000000000000e+00 1.875353787661999930e+06 9.341806614238000475e+04
7.500000000000000000e-01 5.999999999999999778e-01 0.000000000000000000e+00 1.875437690049000084e+06 9.184534901020000689e+04
7.500000000000000000e-01 8.000000000000000444e-01 0.000000000000000000e+00 1.875841654785000021e+06 9.134663601010000275e+04
1.250000000000000000e+00 2.000000000000000111e-01 0.000000000000000000e+00 1.875762958698000060e+06 9.553314792177999334e+04
1.250000000000000000e+00 4.000000000000000222e-01 0.000000000000000000e+00 1.875437794298999943e+06 9.372679285096999956e+04
1.250000000000000000e+00 5.999999999999999778e-01 0.000000000000000000e+00 1.875525668525000103e+06 9.179699766757999896e+04
1.250000000000000000e+00 8.000000000000000444e-01 0.000000000000000000e+00 1.875784483098000055e+06 9.118013390370999696e+04
1.750000000000000000e+00 2.000000000000000111e-01 0.000000000000000000e+00 1.875638089117000112e+06 9.709261617197000305e+04
1.750000000000000000e+00 4.000000000000000222e-01 0.000000000000000000e+00 1.875462179351999890e+06 9.602314341999999306e+04
1.750000000000000000e+00 5.999999999999999778e-01 0.000000000000000000e+00 1.875454118214000016e+06 9.499624120478999976e+04
1.750000000000000000e+00 8.000000000000000444e-01 0.000000000000000000e+00 1.875624635874999920e+06 9.453717394264999893e+04
2.500000000000000000e-01 2.000000000000000111e-01 0.000000000000000000e+00 1.875684940727999900e+06 9.628457382007999695e+04
2.500000000000000000e-01 4.000000000000000222e-01 0.000000000000000000e+00 1.875316985737999901e+06 9.492046951038000407e+04
2.500000000000000000e-01 5.999999999999999778e-01 0.000000000000000000e+00 1.875248252634000033e+06 9.363813462425000034e+04
2.500000000000000000e-01 8.000000000000000444e-01 0.000000000000000000e+00 1.875356928942000028e+06 9.320275050172999909e+04
7.500000000000000000e-01 2.000000000000000111e-01 0.000000000000000000e+00 1.875821093656999990e+06 9.513565264471000410e+04
7.500000000000000000e-01 4.000000000000000222e-01 0.000000000000000000e+00 1.875304030048999935e+06 9.322910469535000448e+04
7.500000000000000000e-01 5.999999999999999778e-01 0.000000000000000000e+00 1.875351397219999926e+06 9.170293143755999336e+04
7.500000000000000000e-01 8.000000000000000444e-01 0.000000000000000000e+00 1.875762958851000061e+06 9.119885546440999315e+04
1.250000000000000000e+00 2.000000000000000111e-01 0.000000000000000000e+00 1.875771274907999905e+06 9.527404785769000591e+04
1.250000000000000000e+00 4.000000000000000222e-01 0.000000000000000000e+00 1.875390575504000066e+06 9.352892034135000722e+04
1.250000000000000000e+00 5.999999999999999778e-01 0.000000000000000000e+00 1.875436589728000108e+06 9.165529988350000349e+04
1.250000000000000000e+00 8.000000000000000444e-01 0.000000000000000000e+00 1.875697146323000081e+06 9.104498711585000274e+04
1.750000000000000000e+00 2.000000000000000111e-01 0.000000000000000000e+00 1.875666841765000019e+06 9.683333773523000127e+04
1.750000000000000000e+00 4.000000000000000222e-01 0.000000000000000000e+00 1.875462685744999908e+06 9.579246827491000295e+04
1.750000000000000000e+00 5.999999999999999778e-01 0.000000000000000000e+00 1.875437271824999945e+06 9.478671595949999755e+04
1.750000000000000000e+00 8.000000000000000444e-01 0.000000000000000000e+00 1.875607170634000096e+06 9.432769440526000108e+04
2.500000000000000000e-01 2.000000000000000111e-01 0.000000000000000000e+00 1.875705947822999908e+06 9.602974067562000710e+04
2.500000000000000000e-01 4.000000000000000222e-01 0.000000000000000000e+00 1.875304251771999989e+06 9.470865839904999302e+04
2.500000000000000000e-01 5.999999999999999778e-01 0.000000000000000000e+00 1.875211917204000056e+06 9.345841315634000057e+04
2.500000000000000000e-01 8.000000000000000444e-01 0.000000000000000000e+00 1.875326118537999922e+06 9.302651371129999461e+04
7.500000000000000000e-01 2.000000000000000111e-01 0.000000000000000000e+00 1.875826102329999907e+06 9.489013022830999398e+04
7.500000000000000000e-01 4.000000000000000222e-01 0.000000000000000000e+00 1.875256087514000013e+06 9.305410211498000717e+04
7.500000000000000000e-01 5.999999999999999778e-01 0.000000000000000000e+00 1.875267623860999942e+06 9.157655886288000329e+04
7.500000000000000000e-01 8.000000000000000444e-01 0.000000000000000000e+00 1.875683512516000075e+06 9.107161433794000186e+04
1.250000000000000000e+00 2.000000000000000111e-01 0.000000000000000000e+00 1.875776793054000009e+06 9.502851464984999620e+04
1.250000000000000000e+00 4.000000000000000222e-01 0.000000000000000000e+00 1.875344195759000024e+06 9.334503275923999900e+04
1.250000000000000000e+00 5.999999999999999778e-01 0.000000000000000000e+00 1.875348834014999913e+06 9.153028129677999823e+04
1.250000000000000000e+00 8.000000000000000444e-01 0.000000000000000000e+00 1.875609620448000031e+06 9.092965353588000289e+04
1.750000000000000000e+00 2.000000000000000111e-01 0.000000000000000000e+00 1.875694022746999981e+06 9.658115964774000167e+04
1.750000000000000000e+00 4.000000000000000222e-01 0.000000000000000000e+00 1.875463490861000028e+06 9.556979295088999788e+04
1.750000000000000000e+00 5.999999999999999778e-01 0.000000000000000000e+00 1.875421192588000093e+06 9.458701856301000225e+04
1.750000000000000000e+00 8.000000000000000444e-01 0.000000000000000000e+00 1.875589566767999902e+06 9.413027769210000406e+04
2.500000000000000000e-01 2.000000000000000111e-01 0.000000000000000000e+00 1.875725411844999995e+06 9.578353836798999691e+04
2.500000000000000000e-01 4.000000000000000222e-01 0.000000000000000000e+00 1.875293088439000072e+06 9.450558731546999479e+04
2.500000000000000000e-01 5.999999999999999778e-01 0.000000000000000000e+00 1.875178346847000066e+06 9.328893600390999927e+04
2.500000000000000000e-01 8.000000000000000444e-01 0.000000000000000000e+00 1.875297111169999931e+06 9.286220757223000692e+04
7.500000000000000000e-01 2.000000000000000111e-01 0.000000000000000000e+00 1.875828407460999908e+06 9.465783736847000546e+04
7.500000000000000000e-01 4.000000000000000222e-01 0.000000000000000000e+00 1.875210300365000032e+06 9.289156436099999701e+04
7.500000000000000000e-01 5.999999999999999778e-01 0.000000000000000000e+00 1.875187028586999979e+06 9.146386307322999346e+04
7.500000000000000000e-01 8.000000000000000444e-01 0.000000000000000000e+00 1.875604382634999929e+06 9.096173447885000496e+04
1.250000000000000000e+00 2.000000000000000111e-01 0.000000000000000000e+00 1.875779871222000103e+06 9.479577394098999503e+04
1.250000000000000000e+00 4.000000000000000222e-01 0.000000000000000000e+00 1.875299131978000049e+06 9.317369515756999317e+04
1.250000000000000000e+00 5.999999999999999778e-01 0.000000000000000000e+00 1.875263252460000105e+06 9.141939621786000498e+04
1.250000000000000000e+00 8.000000000000000444e-01 0.000000000000000000e+00 1.875522968931999989e+06 9.083091432806999364e+04
1.750000000000000000e+00 2.000000000000000111e-01 0.000000000000000000e+00 1.875719685100999894e+06 9.633624494175000291e+04
1.750000000000000000e+00 4.000000000000000222e-01 0.000000000000000000e+00 1.875464662322999910e+06 9.535492009388000588e+04
1.750000000000000000e+00 5.999999999999999778e-01 0.000000000000000000e+00 1.875406001159999985e+06 9.439650966913999582e+04
1.750000000000000000e+00 8.000000000000000444e-01 0.000000000000000000e+00 1.875572068066000007e+06 9.394394255120999878e+04
2.500000000000000000e-01 2.000000000000000111e-01 0.000000000000000000e+00 1.875743423619000008e+06 9.554592498162000265e+04
2.500000000000000000e-01 4.000000000000000222e-01 0.000000000000000000e+00 1.875283456818999955e+06 9.431092581060000521e+04
2.500000000000000000e-01 5.999999999999999778e-01 0.000000000000000000e+00 1.875147509163999930e+06 9.312893032631000096e+04
2.500000000000000000e-01 8.000000000000000444e-01 0.000000000000000000e+00 1.875269885838000104e+06 9.270877700340999581e+04
7.500000000000000000e-01 2.000000000000000111e-01 0.000000000000000000e+00 1.875828374347999925e+06 9.443794173258999945e+04
7.500000000000000000e-01 4.000000000000000222e-01 0.000000000000000000e+00 1.875166890023000073e+06 9.274021579724000185e+04
7.500000000000000000e-01 5.999999999999999778e-01 0.000000000000000000e+00 1.875110061540999915e+06 9.136288455514999805e+04
7.500000000000000000e-01 8.000000000000000444e-01 0.000000000000000000e+00 1.875526397528999951e+06 9.086655397422000533e+04
1.250000000000000000e+00 2.000000000000000111e-01 0.000000000000000000e+00 1.875780825547999935e+06 9.457508570454000437e+04
1.250000000000000000e+00 4.000000000000000222e-01 0.000000000000000000e+00 1.875255731417000061e+06 9.301367602158000227e+04
1.250000000000000000e+00 5.999999999999999778e-01 0.000000000000000000e+00 1.875180474814000074e+06 9.132054244578999351e+04
1.250000000000000000e+00 8.000000000000000444e-01 0.000000000000000000e+00 1.875438006676000077e+06 9.074609513140999479e+04
1.750000000000000000e+00 2.000000000000000111e-01 0.000000000000000000e+00 1.875743877886000089e+06 9.609868871457999921e+04
1.750000000000000000e+00 4.000000000000000222e-01 0.000000000000000000e+00 1.875466229821000015e+06 9.514765524752000056e+04
1.750000000000000000e+00 5.999999999999999778e-01 0.000000000000000000e+00 1.875391762625999982e+06 9.421462397708000208e+04
1.750000000000000000e+00 8.000000000000000444e-01 0.000000000000000000e+00 1.875554845098000020e+06 9.376781980707000184e+04
