-3.317503691406739819e+01
-3.322185514139007978e+01
-3.374533450417958846e+01
-3.391235352184906304e+01
-3.379163312834719335e+01
-3.401924631410000188e+01
-3.401866574433499579e+01
-3.424365751506829270e+01
-3.366511644708040762e+01
-3.382931737662874383e+01
-3.378735548006913803e+01
-3.398075759321655198e+01
-3.400694153815890530e+01
-3.410205975368983644e+01
-3.429404274705576228e+01
-3.443653521160330655e+01
-3.447603092193524077e+01
-3.463640995737731032e+01
-3.440233859032584718e+01
-3.451787207206596264e+01
-3.421066765973126422e+01
-3.426159904748721630e+01
-3.447294795842070414e+01
-3.446356225730713163e+01
-3.432740517862120555e+01
-3.429266950630638888e+01
-3.415814309273729066e+01
-3.425023356420379628e+01
-3.382952628796789440e+01
-3.389723341177677440e+01
-3.420297669602676649e+01
-3.425262685676018748e+01
-3.420923536196216475e+01
-3.428302314916248861e+01
-3.396721033396098477e+01
-3.400233727891585289e+01
-3.392954839960739122e+01
-3.386075746722834623e+01
-3.382006704197963387e+01
-3.369763665399475627e+01
-3.409081723906649586e+01
-3.397499488726956685e+01
-3.413360196150726011e+01
-3.402727338584003292e+01
-3.440563109687560228e+01
-3.432870521390533014e+01
-3.419895270714724944e+01
-3.409977954327688821e+01
-3.401797912039407379e+01
-3.390243296885990532e+01
-3.393383766584972250e+01
-3.390117226651079818e+01
-3.405633688554279104e+01
-3.395366993114524234e+01
-3.408573516568376505e+01
-3.402826277326099813e+01
-3.371739185328315358e+01
-3.364998123647715289e+01
-3.364678276918343869e+01
-3.357043968173370985e+01
-3.349988945731924872e+01
-3.349816881735483065e+01
-3.367803533665546922e+01
-3.369858589328397613e+01
-3.354328858962949766e+01
-3.355905489413941467e+01
-3.382727132475655196e+01
-3.392200580317069125e+01
-3.382478063115945588e+01
-3.384070962812766936e+01
-3.385919935022546667e+01
-3.394303392047777379e+01
-3.395197245564451549e+01
-3.403520680963165290e+01
-3.353775282427881876e+01
-3.360156665176284463e+01
-3.354869208400689473e+01
-3.366767029081474050e+01
-3.305498552599205198e+01
-3.326993557253637590e+01
-3.314395838522099780e+01
-3.328206832615015998e+01
-3.311234481450701139e+01
-3.374445659769124006e+01
-3.368059880780831605e+01
-3.382899262721948475e+01
-3.350064926442195912e+01
-3.365053168944038475e+01
-3.393656100565028311e+01
-3.414930251906822178e+01
-3.428570329025773589e+01
-3.422183835244066330e+01
-3.404402486248858395e+01
-3.436691025085760032e+01
-3.423641574306829938e+01
-3.406556677516191911e+01
-3.380000985263097846e+01
-3.414790864336072929e+01
-3.411938103295839397e+01
-3.394390596777547842e+01
-3.393016570903539986e+01
-3.388478069667512216e+01
-3.403398628662198888e+01
-3.401674083112059321e+01
-3.423021658716367455e+01
-3.402882092716673412e+01
-3.400106123635436006e+01
-3.388186123161857921e+01
-3.394877112673859898e+01
-3.400368496923571371e+01
-3.370893681996662394e+01
-3.367536828845206287e+01
-3.347678103888428325e+01
-3.365203790937134443e+01
-3.348304307446442607e+01
-3.379004278086747348e+01
-3.384131263867310224e+01
-3.379189534012361662e+01
-3.391671913753207690e+01
-3.351831108223343136e+01
-3.355406392714774455e+01
-3.305103416104297764e+01
-3.312486469796943567e+01
-3.307223648615194378e+01
-3.347482512453164816e+01
-3.346225181745069932e+01
-3.363754773997226266e+01
-3.326347970430330037e+01
-3.352132760272198908e+01
-3.383707927964234585e+01
-3.406822762828475959e+01
-3.419251917531038032e+01
-3.421410009225463256e+01
-3.406431585914821625e+01
-3.442247916554858733e+01
-3.430583763820634147e+01
-3.417572595519710887e+01
-3.399870446659531353e+01
-3.435116099886477059e+01
-3.436498409066046378e+01
-3.425136156135789633e+01
-3.438247598274556083e+01
-3.445023011479649711e+01
-3.464868968389006909e+01
-3.459980956076206127e+01
-3.473687978015271938e+01
-3.446961255156988813e+01
-3.445365108228922679e+01
-3.423178589479026357e+01
-3.427051278733335238e+01
-3.425372285131639671e+01
-3.396071819511420387e+01
-3.392969456397191408e+01
-3.366294808686854623e+01
-3.381046056658555443e+01
-3.362846184623492007e+01
-3.398615995173924631e+01
-3.405376163325797734e+01
-3.401524356667583504e+01
-3.407266611928157118e+01
-3.365349639468487197e+01
-3.373262149624117967e+01
-3.321182398753920495e+01
-3.322540030785481235e+01
-3.313415690622930754e+01
-3.337039975405805592e+01
-3.339165208681809816e+01
-3.360971312423275492e+01
-3.326327410855915900e+01
-3.347240327527744341e+01
-3.372473089057082518e+01
-3.394825073061796417e+01
-3.408157658444461902e+01
-3.410675382295653435e+01
-3.396384601264755076e+01
-3.439378956190379455e+01
-3.430936483499461076e+01
-3.412686004812520224e+01
-3.400224319690471475e+01
-3.415597691642953748e+01
-3.412155451144764839e+01
-3.392561246273358222e+01
-3.417830569716054612e+01
-3.421500810280276994e+01
-3.440725129086491307e+01
-3.441975956078124455e+01
-3.468188107826348698e+01
-3.439186079689323350e+01
-3.436786905431790018e+01
-3.412090677192737331e+01
-3.411148497413179825e+01
-3.420751532838659159e+01
-3.392727977337592193e+01
-3.386964784098408643e+01
-3.361325668860403937e+01
-3.382815094811653012e+01
-3.364395956551324218e+01
-3.398786855369354498e+01
-3.404921636151456710e+01
-3.408639182961577063e+01
-3.407622709306417619e+01
-3.370763597734895711e+01
-3.383877985293877089e+01
-3.333333999634835720e+01
-3.340346086130831793e+01
-3.319885106604367309e+01
-3.290275347027075270e+01
-3.296284500327555378e+01
-3.304600013719767304e+01
-3.277776354487230748e+01
-3.300657488804904460e+01
-3.317868385844126067e+01
-3.340237056059269349e+01
-3.353117494042035673e+01
-3.360457235290331113e+01
-3.357957126062039777e+01
-3.410031214917841424e+01
-3.413420700175885969e+01
-3.389595117162672722e+01
-3.381777429926530232e+01
-3.396708944673830644e+01
-3.394119018982414104e+01
-3.372234314885670869e+01
-3.398050247699958248e+01
-3.395308520386771534e+01
-3.418380116676445368e+01
-3.418441766908797774e+01
-3.446126690949282079e+01
-3.412588397512691074e+01
-3.412949436933951830e+01
-3.395012868111766124e+01
-3.394531834013812244e+01
-3.397575664940942630e+01
-3.375377848624574284e+01
-3.375342922207153151e+01
-3.349457526187305234e+01
-3.358925463675313239e+01
-3.341017609019208834e+01
-3.380445765025487503e+01
-3.381104216535518248e+01
-3.380110180721696622e+01
-3.377996671116846272e+01
-3.346756817416671481e+01
-3.367120289786151233e+01
-3.324439156478839408e+01
-3.331554801569625113e+01
-3.321099585529454856e+01
-3.271816835243127031e+01
-3.270581707728205600e+01
-3.294246767531070930e+01
-3.272086190307445719e+01
-3.288823143919660197e+01
-3.298962138146918477e+01
-3.321230969056004767e+01
-3.335542564986953806e+01
-3.343685096528942324e+01
-3.347825872926077295e+01
-3.397139539124533769e+01
-3.397529496345018174e+01
-3.378498519771486031e+01
-3.374009636927851830e+01
-3.389650365441301005e+01
-3.381605001247103104e+01
-3.359711421457024727e+01
-3.376695015860921245e+01
-3.364262712584604031e+01
-3.377062578242195912e+01
-3.381046732200045568e+01
-3.406067708946341810e+01
-3.376788218312775314e+01
-3.374610867167471895e+01
-3.360930029424370957e+01
-3.358661000659862594e+01
-3.361544033564862133e+01
-3.355466881766139409e+01
-3.356274444050352201e+01
-3.330809558372580881e+01
-3.346791104335326850e+01
-3.334991475882193868e+01
-3.377262750749797249e+01
-3.390531437729676867e+01
-3.404512103829483749e+01
-3.394204913029466297e+01
-3.361036509264671679e+01
-3.373013919932743221e+01
-3.329131408988826024e+01
-3.327529570646704116e+01
-3.322635200381778020e+01
-3.270280850481027812e+01
-3.266539721723988521e+01
-3.284884740291096961e+01
-3.268348498788402878e+01
-3.282007544227433016e+01
-3.282781692641149363e+01
-3.307767250466207543e+01
-3.324925700794585737e+01
-3.339026585932209912e+01
-3.336764944445558712e+01
-3.385834980514869841e+01
-3.379724076168660218e+01
-3.364196925648401049e+01
-3.360906133492447623e+01
-3.380182679136941459e+01
-3.372971291902003799e+01
-3.344061980931478217e+01
-3.360784591300564728e+01
-3.351886008118970750e+01
-3.355173813791756743e+01
-3.364052455464337754e+01
-3.386930772909690290e+01
-3.357641745725667448e+01
-3.341117675024130307e+01
-3.348284068603429375e+01
-3.352904866341329182e+01
-3.360143890808586775e+01
-3.348950977879643887e+01
-3.359249964071737082e+01
-3.327792364750140308e+01
-3.330975989116459601e+01
-3.324780892370661434e+01
-3.356254847161196153e+01
-3.370860896007154395e+01
-3.382368233994909446e+01
-3.370922484335565628e+01
-3.342925054877648705e+01
-3.371413725056865474e+01
-3.336150511853387712e+01
-3.334161249948822103e+01
-3.331686880384734906e+01
-3.277382078045194191e+01
-3.268729902825091216e+01
-3.286391886352749481e+01
-3.272116955663184967e+01
-3.275638760840544705e+01
-3.267706279540747971e+01
-3.294469497600839247e+01
-3.313522772696441621e+01
-3.325381474704891360e+01
-3.326010988073768004e+01
-3.371291935435696274e+01
-3.367012506792060123e+01
-3.357047802491185706e+01
-3.344749507651714993e+01
-3.369032185940880453e+01
-3.363228401291711833e+01
-3.344335968065277598e+01
-3.359480432493737112e+01
-3.349135862618018677e+01
-3.350244556759547976e+01
-3.355307962551891876e+01
-3.378034564706682374e+01
-3.349957661012608412e+01
-3.344582923473998193e+01
-3.351132580746283907e+01
-3.366595355505304354e+01
-3.373570091246781288e+01
-3.366418949232355828e+01
-3.375758497909827582e+01
-3.337816216577247985e+01
-3.338217756618667664e+01
-3.324660217870529522e+01
-3.351476652729383687e+01
-3.357258208878392480e+01
-3.368765385127164080e+01
-3.364677689659131232e+01
-3.337707151313373544e+01
-3.359916104398389791e+01
-3.327719758315155474e+01
-3.319865941720257752e+01
-3.319430595881881629e+01
-3.283429281480999151e+01
-3.277608011808158039e+01
-3.290316559814127828e+01
-3.278782811526745178e+01
-3.291594471997152738e+01
-3.286065242184759683e+01
-3.306687022342397597e+01
-3.317009589550060156e+01
-3.321997779533609929e+01
-3.323759841675244786e+01
-3.353039607352395990e+01
-3.354193502554448969e+01
-3.346153003743983589e+01
-3.340688645952610614e+01
-3.356804009815901679e+01
-3.356547243739098718e+01
-3.339787557700488918e+01
-3.360933667167248728e+01
-3.359755719172312638e+01
-3.366097374954271260e+01
-3.365497279937792996e+01
-3.382187669853832546e+01
-3.363493642690817609e+01
-3.362124911799391924e+01
-3.366535551166226270e+01
-3.391453229056124741e+01
-3.384317836082401243e+01
-3.380012327661286520e+01
-3.382719606125184697e+01
-3.343948833654647501e+01
-3.344693013377830226e+01
-3.330214815672843542e+01
-3.363296248930343069e+01
-3.374401803028766977e+01
-3.380185466389373516e+01
-3.369097419182548947e+01
-3.352119780462545151e+01
-3.379059338953976521e+01
-3.351572751204288636e+01
-3.343564649884874029e+01
-3.343823353090864003e+01
-3.279135948257489019e+01
-3.273185703484562481e+01
-3.285475572166224367e+01
-3.276029204106833248e+01
-3.289718601151024302e+01
-3.289855383463532235e+01
-3.311540086274699490e+01
-3.322490874160273933e+01
-3.331116927023492735e+01
-3.323686032328082973e+01
-3.366920662533428299e+01
-3.366089918750056142e+01
-3.354331248448723102e+01
-3.349437206495507979e+01
-3.364842653139276507e+01
-3.371377093767612365e+01
-3.353542037379435214e+01
-3.372248113568537065e+01
-3.376252263414510679e+01
-3.378024952379203683e+01
-3.377457677976714479e+01
-3.396424579694691204e+01
-3.383025384411995162e+01
-3.378691082094433540e+01
-3.391625148171186765e+01
-3.412260097245778212e+01
-3.405822639330368418e+01
-3.394799930165221014e+01
-3.390478674060798170e+01
-3.348500090958483355e+01
-3.353722015362087916e+01
-3.347431040040530803e+01
-3.375003644542874071e+01
-3.393619685193608149e+01
-3.398652872607140552e+01
-3.393059078085966007e+01
-3.375644886093275687e+01
-3.396684549302604950e+01
-3.371760166306533790e+01
-3.355934071309118139e+01
-3.350556021993860156e+01
-3.327020589608935808e+01
-3.320327553778918173e+01
-3.339588939093453490e+01
-3.333103080653928174e+01
-3.340476688293108509e+01
-3.345066021371413711e+01
-3.363740614557775643e+01
-3.369746123054677156e+01
-3.373651666587213782e+01
-3.359480832310835297e+01
-3.406264471333802391e+01
-3.405899063033913166e+01
-3.383661328011658043e+01
-3.385251106018555589e+01
-3.387960823954436762e+01
-3.384955187989796599e+01
-3.361457576232963618e+01
-3.379284933499212684e+01
-3.372852781435413050e+01
-3.383120652140260631e+01
-3.387661286675820094e+01
-3.400586089235346066e+01
-3.390906581103702422e+01
-3.389858281116664074e+01
-3.404499017145688811e+01
-3.423710635599407937e+01
-3.416957333342809733e+01
-3.408476577547587283e+01
-3.400328454936617106e+01
-3.359701158561926349e+01
-3.370870508073991090e+01
-3.369201753705544888e+01
-3.390497917978585463e+01
-3.404617669599309693e+01
-3.406123830235132033e+01
-3.403593836391593186e+01
-3.390201411855997549e+01
-3.415157192146882181e+01
-3.387674291738770194e+01
-3.376374829211679440e+01
-3.366124424011332650e+01
-3.333137334898975723e+01
-3.323729097216597950e+01
-3.343037197759432644e+01
-3.342168764785886026e+01
-3.343948985205721414e+01
-3.348145990257665261e+01
-3.371839149451670892e+01
-3.387249138076755628e+01
-3.394963864179258195e+01
-3.375906611652136746e+01
-3.420503416494153726e+01
-3.418091112785586461e+01
-3.402304205354708699e+01
-3.395354535817710229e+01
-3.399251164261640668e+01
-3.384807592531938525e+01
-3.364888166977941353e+01
-3.380829977308030720e+01
-3.371367818431182428e+01
-3.387518576141725646e+01
-3.383660134082563076e+01
-3.393675851049533776e+01
-3.381545555388523638e+01
-3.391155320212332214e+01
-3.401800807979243046e+01
-3.425589873591039236e+01
-3.427159868416271138e+01
-3.422752459972219441e+01
-3.406156329193661492e+01
-3.364758067149303145e+01
-3.371785760160477707e+01
-3.369920066504676015e+01
-3.387921826990812946e+01
-3.406811238182513080e+01
-3.411095146760973762e+01
-3.418149697720964753e+01
-3.408966424927292849e+01
-3.433008421188429082e+01
-3.405645210613147356e+01
-3.390963353708820449e+01
-3.373296592192709653e+01
-3.333778509186696226e+01
-3.326337478562531658e+01
-3.345061294762862758e+01
-3.354383713610206996e+01
-3.362491224424616831e+01
-3.370480745112373455e+01
-3.393975765738000661e+01
-3.405908703313348695e+01
-3.411648288416684238e+01
-3.395204325119618716e+01
-3.442095716392825011e+01
-3.428782916843761797e+01
-3.414406744443322594e+01
-3.407974702949483969e+01
-3.417128800694282376e+01
-3.405995817892505784e+01
-3.388750027385088970e+01
-3.404637972425966552e+01
-3.401807715300432733e+01
-3.422866406877172096e+01
-3.420962333652131804e+01
-3.421651408136095540e+01
-3.405698736421681616e+01
-3.407850749561290371e+01
-3.418232536269499633e+01
-3.442930140694301144e+01
-3.446435599558485308e+01
-3.435724827230377088e+01
-3.427935541551284615e+01
-3.402648385341259285e+01
-3.413208018021014567e+01
-3.410263566103956379e+01
-3.423515704114087299e+01
-3.440357976304408538e+01
-3.443849668441665557e+01
-3.438594823626861796e+01
-3.434859728332710205e+01
-3.462369657402309286e+01
-3.432093787690613595e+01
-3.407409898826611538e+01
-3.385477519786844169e+01
-3.313142509664096735e+01
-3.313864317264631154e+01
-3.335147609384647183e+01
-3.341590620176074822e+01
-3.350779177653089391e+01
-3.348870514455864367e+01
-3.381675966832857227e+01
-3.389710971440862863e+01
-3.390099653706175786e+01
-3.371717411906465145e+01
-3.420664019686073942e+01
-3.412198141812739749e+01
-3.400045685969398335e+01
-3.396127789751287196e+01
-3.400681294122355069e+01
-3.394076497778630852e+01
-3.387721489163296695e+01
-3.404875452442242789e+01
-3.402014628583810918e+01
-3.418859529013013798e+01
-3.417200082528032823e+01
-3.410610054327334950e+01
-3.390203600622036362e+01
-3.400202045583760935e+01
-3.403976558029594202e+01
-3.429529269494176447e+01
-3.440734750267732522e+01
-3.433782076864790156e+01
-3.433891826904540068e+01
-3.416967251482091683e+01
-3.425606568582310985e+01
-3.427989884872255288e+01
-3.435505890851147370e+01
-3.450458572076994557e+01
-3.453582860287507827e+01
-3.447434514834034047e+01
-3.445778519717641331e+01
-3.469007036018176393e+01
-3.441467255011347959e+01
-3.413803847179456596e+01
-3.393986318056504103e+01
-3.296337714943808805e+01
-3.287649898486214539e+01
-3.313604530861704944e+01
-3.312505683619872343e+01
-3.315943590266786600e+01
-3.312330064949929920e+01
-3.335312793004943899e+01
-3.339055306333891338e+01
-3.335841368159540821e+01
-3.329217523170371607e+01
-3.374366444105989160e+01
-3.355592501293004659e+01
-3.344723394774093350e+01
-3.351047687195520552e+01
-3.351085756300788177e+01
-3.345775940325598441e+01
-3.348975481648558628e+01
-3.371091702379232657e+01
-3.380883344070574026e+01
-3.395616986781849533e+01
-3.396281917407501538e+01
-3.395792202092420098e+01
-3.376316173517169261e+01
-3.381536338257771490e+01
-3.381713651990956038e+01
-3.401018146249119667e+01
-3.401675145471100592e+01
-3.403873399908483321e+01
-3.414711478955013035e+01
-3.402352259764193576e+01
-3.415197761586452430e+01
-3.422933436313822853e+01
-3.440190516588518932e+01
-3.454418242968856134e+01
-3.450001521304223218e+01
-3.451593770975905073e+01
-3.457200867296498359e+01
-3.479873023971728685e+01
-3.452985329999422959e+01
-3.428427512612398687e+01
-3.415820882200811326e+01
-3.286253764771378627e+01
-3.283133773363768171e+01
-3.310620604907764175e+01
-3.296818786957047109e+01
-3.298843802808689674e+01
-3.294457542908196501e+01
-3.320186202368148543e+01
-3.322064902020257193e+01
-3.312774615276848067e+01
-3.306752061352133154e+01
-3.353443604147119572e+01
-3.340572576051208387e+01
-3.333018512376128228e+01
-3.335758252073848240e+01
-3.331312007763440164e+01
-3.326867087439916304e+01
-3.330005639900094394e+01
-3.355157014102017854e+01
-3.370573079311862585e+01
-3.384444834772437360e+01
-3.394632083481894824e+01
-3.396300423609116592e+01
-3.370610863134358226e+01
-3.373453909679323459e+01
-3.370936645344536231e+01
-3.399172813046921959e+01
-3.396720856978866010e+01
-3.401305141591154069e+01
-3.414054315599945255e+01
-3.398782342036443538e+01
-3.401084721862009275e+01
-3.412120002842982558e+01
-3.435807943260429198e+01
-3.439429290900023517e+01
-3.441050297974615546e+01
-3.436312906119218269e+01
-3.442159893098816781e+01
-3.470583089529164766e+01
-3.435863959168678861e+01
-3.422225375495705890e+01
-3.407857563829122682e+01
-3.324106460014863273e+01
-3.323494637265912388e+01
-3.350811228482996285e+01
-3.345820076416690370e+01
-3.344006516273285712e+01
-3.338613945712985043e+01
-3.360121685475117204e+01
-3.362092643620738386e+01
-3.358463716552206080e+01
-3.355155699029380401e+01
-3.396652655946878241e+01
-3.382025986520233829e+01
-3.366217284674103638e+01
-3.367716137997685166e+01
-3.374155742483144849e+01
-3.368859500191197753e+01
-3.367065098692162906e+01
-3.387600985887631566e+01
-3.399209219910325430e+01
-3.410699307750615361e+01
-3.422900911504947885e+01
-3.417650924976400972e+01
-3.381488568950213391e+01
-3.377906910219850545e+01
-3.379668492913260991e+01
-3.403075162451651892e+01
-3.392040784169675049e+01
-3.398401825395741582e+01
-3.425012199447427008e+01
-3.407042721484726400e+01
-3.416375566382401985e+01
-3.426117492994266911e+01
-3.442166324399537558e+01
-3.447178926385619491e+01
-3.442686753606121641e+01
-3.439664150963525913e+01
-3.443658070542382887e+01
-3.462659389287375689e+01
-3.434731176331386138e+01
-3.423979742087690425e+01
-3.411617328138508753e+01
-3.349651399737944502e+01
-3.356116723393401458e+01
-3.374371631811440153e+01
-3.368569369198216634e+01
-3.355326285044388612e+01
-3.353845689826801646e+01
-3.372587954285570078e+01
-3.385336605606637761e+01
-3.378351216967806891e+01
-3.376149153340573150e+01
-3.408124341309157757e+01
-3.391976559652152901e+01
-3.377891576023547771e+01
-3.375235791776905359e+01
-3.383712750910369493e+01
-3.375517234594116900e+01
-3.373455067905112514e+01
-3.399092241863057495e+01
-3.399891080303331847e+01
-3.415128632911581974e+01
-3.440829511951452702e+01
-3.437902876031574095e+01
-3.401926202149629574e+01
-3.390595870868689587e+01
-3.400164045335426977e+01
-3.425282669252901258e+01
-3.413979364660726645e+01
-3.418243092035475428e+01
-3.446847446052537123e+01
-3.423532994554479814e+01
-3.433372118362443359e+01
-3.440755251096466338e+01
-3.463159692500863684e+01
-3.461780893412294802e+01
-3.460003642461833095e+01
-3.447344235314754002e+01
-3.450844931660977011e+01
-3.471971578011135762e+01
-3.452713956058564548e+01
-3.436872920224319472e+01
-3.411243859881106744e+01
-3.347728883989908866e+01
-3.362408718724101675e+01
-3.380515582788562057e+01
-3.375800869892889722e+01
-3.367430560636019976e+01
-3.368672064517351572e+01
-3.398800865598171583e+01
-3.413831370160391288e+01
-3.395691554674113632e+01
-3.382108251017358924e+01
-3.413087080762172576e+01
-3.398131007632981238e+01
-3.389212122863575871e+01
-3.393568479292738260e+01
-3.400491003364493992e+01
-3.389540416890243080e+01
-3.384124925790812455e+01
-3.407889092088525729e+01
-3.403736619043069567e+01
-3.418453215415649993e+01
-3.447136624017638695e+01
-3.437758182259574369e+01
-3.398034143797196549e+01
-3.386819979194205388e+01
-3.389954625310285508e+01
-3.413465368096195363e+01
-3.399734800331969353e+01
-3.402822598581584401e+01
-3.428132392628456415e+01
-3.413281712520947764e+01
-3.431525217711587317e+01
-3.443076929355430593e+01
-3.456113254338195873e+01
-3.453151746426031110e+01
-3.447322605292320929e+01
-3.446776822520460115e+01
-3.452151477854981465e+01
-3.474973339657520910e+01
-3.455823884210360575e+01
-3.443073976772508615e+01
-3.421988457184919241e+01
-3.345440156301708612e+01
-3.354382750817179470e+01
-3.367341778362214910e+01
-3.362051538343800416e+01
-3.363426632665267846e+01
-3.373966314359147134e+01
-3.411948220267056087e+01
-3.429733369673473220e+01
-3.414793129178038811e+01
-3.409369486990502196e+01
-3.432332944025376520e+01
-3.410486502363200145e+01
-3.402808682208060986e+01
-3.398904657003133423e+01
-3.408622063034691507e+01
-3.401920159054665049e+01
-3.405357228038267436e+01
-3.424965553788429418e+01
-3.411603587347679678e+01
-3.431509253302902351e+01
-3.455398210004052117e+01
-3.449608430422922112e+01
-3.413549555112091127e+01
-3.392205427546847574e+01
-3.389687609108446509e+01
-3.422914229388619134e+01
-3.403727306351157722e+01
-3.420713823714148560e+01
-3.446238062822965986e+01
-3.433945833329666186e+01
-3.444469961130808144e+01
-3.457599654034878256e+01
-3.461184769925156957e+01
-3.446445131402741424e+01
-3.435420573691185808e+01
-3.432641640545555362e+01
-3.440291618145600694e+01
-3.457887671138123409e+01
-3.432569998550614088e+01
-3.422949135165733026e+01
-3.404530636691897882e+01
-3.327716212104420634e+01
-3.340876947592932567e+01
-3.344978510945022521e+01
-3.344245541322171533e+01
-3.340789943885162927e+01
-3.353681400208987640e+01
-3.386479898996172722e+01
-3.401225961148356447e+01
-3.388536942113386630e+01
-3.387408469011321444e+01
-3.406728295179277666e+01
-3.383266625313129339e+01
-3.386445331850818974e+01
-3.388619815761973086e+01
-3.408071036788471986e+01
-3.405465555911133890e+01
-3.404286959735459561e+01
-3.428809690485265804e+01
-3.419107413320140409e+01
-3.442714356511781659e+01
-3.468102500491873741e+01
-3.465774273433147101e+01
-3.433126843160178510e+01
-3.417487425938763579e+01
-3.406796753006813105e+01
-3.441646474902208297e+01
-3.424073063254492411e+01
-3.431355379687773421e+01
-3.452951457672540414e+01
-3.438593542512640511e+01
-3.453218319093262068e+01
-3.463813753137732476e+01
-3.464851930192140372e+01
-3.449468599747793718e+01
-3.429534525531457234e+01
-3.426287816851111501e+01
-3.444480696339378767e+01
-3.453390201085943545e+01
-3.429975482644611162e+01
-3.418822837724686536e+01
-3.400841150882546771e+01
-3.300837664031188723e+01
-3.301201465936748747e+01
-3.305302851988371771e+01
-3.299258465344122015e+01
-3.298917199385800814e+01
-3.308807556950049644e+01
-3.346904082434236471e+01
-3.362594940223870310e+01
-3.356196983934279388e+01
-3.353635233200035515e+01
-3.370200847716125736e+01
-3.342405747042892727e+01
-3.352922310722494359e+01
-3.353259256292754031e+01
-3.383356441185833319e+01
-3.386620329880581437e+01
-3.397563030191132327e+01
-3.426404870757394860e+01
-3.416200963929274081e+01
-3.434206088501161247e+01
-3.462165550956714100e+01
-3.455205337662514609e+01
-3.416323411113075537e+01
-3.401758737570912672e+01
-3.398705905719266696e+01
-3.423973807266104785e+01
-3.412755032778967745e+01
-3.420979915482914180e+01
-3.445291100606218038e+01
-3.433273028267203131e+01
-3.439844853452754592e+01
-3.442774734059151598e+01
-3.450451747409056935e+01
-3.433892939964366775e+01
-3.418697976886430467e+01
-3.418142615782998206e+01
-3.438750811689295261e+01
-3.454948148223208193e+01
-3.438694708897138241e+01
-3.426606893305841339e+01
-3.403988499542204949e+01
-3.307435166791578496e+01
-3.307605123399660130e+01
-3.314227603487136520e+01
-3.307267310445399033e+01
-3.299650991230297592e+01
-3.310227246790716293e+01
-3.337724751480980245e+01
-3.343697905310074248e+01
-3.349161216174316991e+01
-3.336367313932513667e+01
-3.354947665100898746e+01
-3.329397896500247356e+01
-3.349290682944668163e+01
-3.363219884010583627e+01
-3.381407698306022525e+01
-3.384421877245103616e+01
-3.393256340942711802e+01
-3.423210582792967926e+01
-3.415000194876183315e+01
-3.431182252199536009e+01
-3.466940078778971923e+01
-3.461673176511542493e+01
-3.419934774355051843e+01
-3.415912088685303871e+01
-3.415789626898648379e+01
-3.438426481701122128e+01
-3.425563555622568401e+01
-3.430348604568163751e+01
-3.443789799686127395e+01
-3.433181943829769978e+01
-3.437127039712837728e+01
-3.439482336379804650e+01
-3.446252445629519201e+01
-3.436569044761404257e+01
-3.422375319178168951e+01
-3.418496309501861674e+01
-3.434279479387468825e+01
-3.447410250850837343e+01
-3.431196626738395850e+01
-3.415953042848879306e+01
-3.400521673294235114e+01
-3.325871560999603105e+01
-3.329792672230896500e+01
-3.338963875556423488e+01
-3.327440744055929400e+01
-3.322417034800042046e+01
-3.333608908007786198e+01
-3.362449989267609141e+01
-3.368425067977219101e+01
-3.375249867191072894e+01
-3.365133834027378157e+01
-3.386380902371715251e+01
-3.358839929880944908e+01
-3.373094835992785789e+01
-3.386745132570152350e+01
-3.404616347629193029e+01
-3.407963744464586853e+01
-3.417209268557471091e+01
-3.439595313691739875e+01
-3.424710371820791721e+01
-3.447540145410066259e+01
-3.479227052986059476e+01
-3.470708084238395941e+01
-3.431156376536961972e+01
-3.419415841776906717e+01
-3.419747912022897651e+01
-3.440697837205539145e+01
-3.429057617416045645e+01
-3.431756644611110119e+01
-3.450092156214240191e+01
-3.433932067393932641e+01
-3.439508498917271595e+01
-3.446318904954145523e+01
-3.456796053992147222e+01
-3.450818028646644819e+01
-3.438537551863902308e+01
-3.438452889454892158e+01
-3.451653385600216950e+01
-3.465194568528619357e+01
-3.451799465944139911e+01
-3.431160710542208392e+01
-3.416366095566505123e+01
-3.315928552868567181e+01
-3.328410081123421804e+01
-3.321627990180059697e+01
-3.321458538885965339e+01
-3.324217351794364816e+01
-3.338822765505755541e+01
-3.361834399681710295e+01
-3.363538825610677208e+01
-3.373096131498859052e+01
-3.368416162256678348e+01
-3.387568103101506267e+01
-3.359254464400832063e+01
-3.370379879733225437e+01
-3.377852561967926448e+01
-3.387468638357530182e+01
-3.401922692831239203e+01
-3.408072047867376142e+01
-3.422246172739550474e+01
-3.409472585691582225e+01
-3.431043232394458187e+01
-3.459394196248464226e+01
-3.449219911420616569e+01
-3.409579703942169715e+01
-3.407375956140109707e+01
-3.413237380015513622e+01
-3.436096151586561831e+01
-3.420192877640413798e+01
-3.423817332909225541e+01
-3.442980164063487791e+01
-3.439680067875459457e+01
-3.439108637982993599e+01
-3.452694948909897477e+01
-3.462292930213013875e+01
-3.451354634772417285e+01
-3.435298673234798628e+01
-3.444446011795680107e+01
-3.459192934524701002e+01
-3.470346171220122500e+01
-3.459489671317187742e+01
-3.446846234939887665e+01
-3.434164773176182450e+01
-3.344232459907787813e+01
-3.348952655474967344e+01
-3.342430943089487982e+01
-3.334789254215476006e+01
-3.332891983417308523e+01
-3.352738004646190717e+01
-3.366199234361913994e+01
-3.363216485967895863e+01
-3.385383637042469473e+01
-3.379027928766208788e+01
-3.397682008688077104e+01
-3.375932258862857793e+01
-3.383403186179056377e+01
-3.375706169699926562e+01
-3.374772817915400225e+01
-3.393324890565806129e+01
-3.400588865353397949e+01
-3.408571503784929035e+01
-3.392805287281314008e+01
-3.413199076087830264e+01
-3.439479930168106847e+01
-3.425594776343314152e+01
-3.389600300908671926e+01
-3.380208512202361248e+01
-3.388218650821065836e+01
-3.410216842976922891e+01
-3.398733625722580598e+01
-3.403406982593750030e+01
-3.407962247263106548e+01
-3.399932080413967128e+01
-3.409115176063527031e+01
-3.424986816612854312e+01
-3.443242102787190362e+01
-3.429711573909153799e+01
-3.407470908423280775e+01
-3.415776111908070334e+01
-3.428946729764185619e+01
-3.438117605458097614e+01
-3.423339504928653554e+01
-3.406182103260328375e+01
-3.387105607532203777e+01
-3.320422555607411397e+01
-3.329071289616624085e+01
-3.321807732117215295e+01
-3.318122434748381266e+01
-3.317673161509987523e+01
-3.338275696995702901e+01
-3.350417993815385387e+01
-3.338394257738531934e+01
-3.353410701353401180e+01
-3.349638847372628447e+01
-3.368164948022882044e+01
-3.346715982779936382e+01
-3.356835450864095804e+01
-3.347469747671708973e+01
-3.352827344386859920e+01
-3.383620696777281722e+01
-3.386220108950087848e+01
-3.399843310349442760e+01
-3.385958293922688256e+01
-3.399742577833169577e+01
-3.427246220574591717e+01
-3.416967695646793857e+01
-3.380479601082045349e+01
-3.379933700876814129e+01
-3.380651808496953947e+01
-3.400776425677292281e+01
-3.380098139776821853e+01
-3.380941321565458679e+01
-3.380621819487190294e+01
-3.375691104088404870e+01
-3.387767987377809931e+01
-3.396609879953596334e+01
-3.417304232656139362e+01
-3.407080863652006997e+01
-3.384699604301233222e+01
-3.389809928137175632e+01
-3.405094646731946284e+01
-3.424814616450132831e+01
-3.411681624341116503e+01
-3.408143490134658293e+01
-3.384699888628477993e+01
-3.362974650298606605e+01
-3.360996992335867617e+01
-3.359093637523049836e+01
-3.354724029093070925e+01
-3.350095742369079943e+01
-3.372400070553879914e+01
-3.380420049497789847e+01
-3.362616927140675926e+01
-3.380543090047370924e+01
-3.364393006530556818e+01
-3.377937417896343675e+01
-3.357637735600121687e+01
-3.365172275105781097e+01
-3.352614483597991324e+01
-3.363649610596512218e+01
-3.388746681346990641e+01
-3.391538497322614631e+01
-3.401442629634334480e+01
-3.390676849048349339e+01
-3.397780633050682297e+01
-3.432853183642330208e+01
-3.419441131213256568e+01
-3.385763401361991498e+01
-3.380832448667585766e+01
-3.384193182491824814e+01
-3.407590384174488207e+01
-3.393903488719244166e+01
-3.392764734901875556e+01
-3.393769515569586304e+01
-3.386522509767293343e+01
-3.391150391668124087e+01
-3.401367526297660504e+01
-3.420266315850986416e+01
-3.402316792885930852e+01
-3.389223599080689553e+01
-3.386103167679471682e+01
-3.392301536750521507e+01
-3.402492953596244973e+01
-3.382620773363028377e+01
-3.374880081912947816e+01
-3.349556865550478335e+01
-3.332411110661259812e+01
-3.341799743673891498e+01
-3.337473819094088867e+01
-3.329909636512569193e+01
-3.331938458290074578e+01
-3.350512919592504346e+01
-3.356841892278428219e+01
-3.340140876510329804e+01
-3.359320909017898771e+01
-3.360095093959613166e+01
-3.377114552685790017e+01
-3.369090173218765472e+01
-3.375620020313589009e+01
-3.362316454526992970e+01
-3.368468560231994502e+01
-3.397876334101506757e+01
-3.401578310353124124e+01
-3.411303141449747756e+01
-3.401568984856358924e+01
-3.408321941303264424e+01
-3.435683879525147688e+01
-3.426808136869575350e+01
-3.396361359371784516e+01
-3.376806896548217196e+01
-3.366068343284416642e+01
-3.391458503693989002e+01
-3.367399734240882481e+01
-3.362302930744800733e+01
-3.367088051514976854e+01
-3.360939623564068768e+01
-3.371253761419800554e+01
-3.376007797796845011e+01
-3.396836486925921861e+01
-3.379256364185712869e+01
-3.363751798064921417e+01
-3.358126152161435840e+01
-3.366716775641285864e+01
-3.382335763696227104e+01
-3.358968771830522826e+01
-3.352024434585892720e+01
-3.331726858401290059e+01
-3.332454909307966062e+01
-3.347518290746489100e+01
-3.341635828239693495e+01
-3.329122860602918621e+01
-3.333654170196763289e+01
-3.350825016535950596e+01
-3.354900450932841238e+01
-3.333123044760502296e+01
-3.346100513434565471e+01
-3.347275696895450636e+01
-3.363894283895833581e+01
-3.351956409628667899e+01
-3.357525510489488596e+01
-3.345995414775583043e+01
-3.348980224597306687e+01
-3.377556199695345640e+01
-3.378005590969350180e+01
-3.388697097935159519e+01
-3.388943912506595524e+01
-3.392174490422616628e+01
-3.408850377400045772e+01
-3.400463199500219957e+01
-3.378116945774939950e+01
-3.360777374333834899e+01
-3.358167458472892264e+01
-3.371682056968972319e+01
-3.352430395876942981e+01
-3.350019213925996553e+01
-3.362771180638809199e+01
-3.359957325177995102e+01
-3.367686935944580284e+01
-3.364437757578838983e+01
-3.385533132424408365e+01
-3.370062337386141138e+01
-3.359597432185140065e+01
-3.358329023302155036e+01
-3.363866497542979772e+01
-3.375929225994567418e+01
-3.356429598042845441e+01
-3.344515126920837389e+01
-3.332013818816910344e+01
-3.351908819172486176e+01
-3.358261557689426979e+01
-3.355625603281021796e+01
-3.345610796321979308e+01
-3.351547630722569693e+01
-3.371895846263691965e+01
-3.382958679821499004e+01
-3.349481486097826632e+01
-3.375740716061428515e+01
-3.378221004381470038e+01
-3.386879477446377962e+01
-3.375767204732319016e+01
-3.379338435741723146e+01
-3.364829940018403676e+01
-3.378540845579276208e+01
-3.397471109491905850e+01
-3.390175211587584414e+01
-3.405800918594940896e+01
-3.405793414828217180e+01
-3.408855066458650640e+01
-3.423282418644627967e+01
-3.418504728940796156e+01
-3.397895039343748635e+01
-3.383390372999543416e+01
-3.380579178281885788e+01
-3.395201308940823282e+01
-3.384814828744844561e+01
-3.389942079462822733e+01
-3.395897245310516865e+01
-3.396195872180349085e+01
-3.403843323821518396e+01
-3.393875419109480873e+01
-3.410666075040526835e+01
-3.393342208054577469e+01
-3.386883268888825427e+01
-3.387136293953960120e+01
-3.404187662179981544e+01
-3.417732900812253405e+01
-3.399899589132709821e+01
-3.389803391238879726e+01
-3.377251264042102719e+01
-3.373626849438466024e+01
-3.385638570097955835e+01
-3.381111651830862996e+01
-3.373570558686253662e+01
-3.383302445279407777e+01
-3.391107440592688249e+01
-3.412645659160438782e+01
-3.366529778598511058e+01
-3.387564129008978142e+01
-3.384392513461739327e+01
-3.387869957999705406e+01
-3.372786766898845201e+01
-3.383527957536926323e+01
-3.371813078595483404e+01
-3.382918075162572080e+01
-3.398740841959335057e+01
-3.391463036311334633e+01
-3.404713054503130820e+01
-3.397139917059453040e+01
-3.400262952835399943e+01
-3.416126131946268885e+01
-3.417074263411812041e+01
-3.398982143634540876e+01
-3.393038979113809006e+01
-3.386503620557287775e+01
-3.392139849273379326e+01
-3.379683637073571845e+01
-3.378522556052566728e+01
-3.388119432106505258e+01
-3.399959923749729285e+01
-3.411915675333728615e+01
-3.407271053773503411e+01
-3.414697786619307607e+01
-3.393772686811112038e+01
-3.384854851594306524e+01
-3.376769563835465249e+01
-3.399394492442680615e+01
-3.411657636538412675e+01
-3.392190628849029821e+01
-3.388459112419538144e+01
-3.378533947883799016e+01
-3.351279645756464021e+01
-3.369597456757232123e+01
-3.368153330317390726e+01
-3.369044028946564850e+01
-3.370327788127459456e+01
-3.378379764889392334e+01
-3.392961023084285443e+01
-3.358282024480838146e+01
-3.382701149977937405e+01
-3.391425340394363275e+01
-3.397143708214866109e+01
-3.380358276620576419e+01
-3.384829738016502887e+01
-3.373386615177429348e+01
-3.377200494157437305e+01
-3.402169538777610569e+01
-3.394827529857664672e+01
-3.396832180898205422e+01
-3.394861579687384534e+01
-3.395321859731942027e+01
-3.403763352360124372e+01
-3.408200321560686774e+01
-3.373505288619255538e+01
-3.367276796734076783e+01
-3.370134614749038349e+01
-3.382528314622097554e+01
-3.376524234449478001e+01
-3.367339421691117707e+01
-3.383378338456087420e+01
-3.402336233630113327e+01
-3.427070242510462350e+01
-3.417307788165771143e+01
-3.420409143219619352e+01
-3.396050314924264057e+01
-3.382277373718692814e+01
-3.373485882074117370e+01
-3.398213898400324240e+01
-3.404595842304949826e+01
-3.387347889706791904e+01
-3.370554901725595442e+01
-3.358029272159038925e+01
-3.356613440151024008e+01
-3.372693233292346093e+01
-3.365498814663919802e+01
-3.355834826840657570e+01
-3.355067840885509156e+01
-3.362445369061698131e+01
-3.375320068569967447e+01
-3.343087923549129670e+01
-3.354220526002333713e+01
-3.365730796174707962e+01
-3.377261361724887223e+01
-3.356958937939916154e+01
-3.364389366980638840e+01
-3.356468526362793625e+01
-3.367509778123685749e+01
-3.390299523135689697e+01
-3.384730685986840371e+01
-3.386229799301926846e+01
-3.388634306426354215e+01
-3.390213254469234982e+01
-3.397264213134081245e+01
-3.404139273066860483e+01
-3.367029489976315659e+01
-3.363937010865642918e+01
-3.375840895499192840e+01
-3.392804525043863606e+01
-3.400441989203263660e+01
-3.389934773693114067e+01
-3.401977489274833744e+01
-3.398809656514978172e+01
-3.429416116111251256e+01
-3.419887220792925575e+01
-3.420736100428900528e+01
-3.396625103532265655e+01
-3.379325086050156557e+01
-3.362127951136115200e+01
-3.387107655273631934e+01
-3.390956540351288595e+01
-3.383637034368930330e+01
-3.365665568837985688e+01
-3.347922201560783151e+01
-3.351959666344345834e+01
-3.363043531525661223e+01
-3.369671749077672018e+01
-3.347788060394739773e+01
-3.342890433298719444e+01
-3.354324532868785980e+01
-3.374230401258980550e+01
-3.334578407231884967e+01
-3.345729894519229219e+01
-3.365213864544816857e+01
-3.374237649049931775e+01
-3.355910098436632438e+01
-3.348866679279820602e+01
-3.348805112322655475e+01
-3.351764268456768292e+01
-3.368769590476017584e+01
-3.362037630346322459e+01
-3.356866600927218514e+01
-3.357470182973565898e+01
-3.357910843457759142e+01
-3.363952761750643106e+01
-3.362902877841645477e+01
-3.329372359805707760e+01
-3.334643807447309172e+01
-3.344471583916164548e+01
-3.362090462757723941e+01
-3.365139445546388686e+01
-3.354968315837323445e+01
-3.378688285415049819e+01
-3.374082696326888708e+01
-3.407509263278414124e+01
-3.400890615666357775e+01
-3.399468874307347477e+01
-3.374539269224788995e+01
-3.357562184029680452e+01
-3.345053189092563883e+01
-3.374845445997853233e+01
-3.382195925598576736e+01
-3.373512286571119034e+01
-3.359926676770765397e+01
-3.338940033380711725e+01
-3.373764978026743222e+01
-3.381355697232731927e+01
-3.374443010875761928e+01
-3.354958600200740193e+01
-3.351463731799215395e+01
-3.357549695185856820e+01
-3.378265643724861178e+01
-3.336962896727340677e+01
-3.353459991605417656e+01
-3.369471166884795110e+01
-3.381221037909909199e+01
-3.364281039275902430e+01
-3.354021141448728827e+01
-3.355683523741247143e+01
-3.373278428826577624e+01
-3.386087955610789635e+01
-3.370577770401616391e+01
-3.370615328599276239e+01
-3.366557461153319508e+01
-3.372442856055933191e+01
-3.381521427860786133e+01
-3.375517168316263650e+01
-3.338186672425588597e+01
-3.344962512630507945e+01
-3.350084163386860325e+01
-3.364631019307735471e+01
-3.371068522690364233e+01
-3.365607891732697254e+01
-3.376426768744306628e+01
-3.379507484452030752e+01
-3.399895117392843247e+01
-3.384136620195822331e+01
-3.385575567092827498e+01
-3.356362916710180144e+01
-3.346418080142792917e+01
-3.336039648248573997e+01
-3.366239013841332195e+01
-3.376446206122247418e+01
-3.361985657889253076e+01
-3.362127810226138536e+01
-3.343283150786538016e+01
-3.336688575654379463e+01
-3.341740732350358911e+01
-3.327531258459082153e+01
-3.318248641010482203e+01
-3.315855090976296538e+01
-3.323437270754379114e+01
-3.341432076019154351e+01
-3.289740405074464746e+01
-3.311130948960229858e+01
-3.328114024104315405e+01
-3.331951812985170847e+01
-3.320800667585824328e+01
-3.316393558284998022e+01
-3.314468120066640466e+01
-3.328523660409204865e+01
-3.345964900004649678e+01
-3.341755698605966529e+01
-3.348301647957311644e+01
-3.342444314599329402e+01
-3.342723794315649855e+01
-3.351607388724849557e+01
-3.353774585645926010e+01
-3.322908253933397305e+01
-3.333779708926451946e+01
-3.348134354781318223e+01
-3.367552502881533627e+01
-3.367855659028484183e+01
-3.367763262532790236e+01
-3.371753059129623864e+01
-3.377094729381675364e+01
-3.403841047138591591e+01
-3.383126366186201750e+01
-3.376998271289055253e+01
-3.344615381319862024e+01
-3.341862009666903788e+01
-3.328658884017178110e+01
-3.371279961977091943e+01
-3.382007922372838493e+01
-3.365855570863743651e+01
-3.359484730658007123e+01
-3.346786641509127236e+01
-3.330543179298978629e+01
-3.331407789820264043e+01
-3.310056697410588811e+01
-3.297595725295201419e+01
-3.294398365112378713e+01
-3.305089743670765756e+01
-3.314490741848575794e+01
-3.271819102651203792e+01
-3.303491094046663079e+01
-3.326835501963099517e+01
-3.329136942379253838e+01
-3.322673281335880802e+01
-3.324105107527457648e+01
-3.320358669164654941e+01
-3.340669325663198208e+01
-3.363045556448097528e+01
-3.366721346192107234e+01
-3.374236339528133755e+01
-3.363624883221178408e+01
-3.358408140406199749e+01
-3.362883379847873755e+01
-3.371758991979491782e+01
-3.331431724330158062e+01
-3.331724073376593509e+01
-3.357049506044157994e+01
-3.368128415478604154e+01
-3.372121838814568662e+01
-3.375340083192605789e+01
-3.380152285982568827e+01
-3.383901135864699228e+01
-3.401596710386964162e+01
-3.378384934104362003e+01
-3.387041707432565119e+01
-3.355877438805223534e+01
-3.353978492942648160e+01
-3.347883302854454257e+01
-3.388081466445322576e+01
-3.397666794888365871e+01
-3.379101295949698880e+01
-3.370739815376963833e+01
-3.363170765364443326e+01
-3.340250685156735244e+01
-3.342581912803299815e+01
-3.327885796005745789e+01
-3.322282630371963563e+01
-3.319956839983385777e+01
-3.325004799609291695e+01
-3.341764450834097033e+01
-3.319904185334108604e+01
-3.331730325447031760e+01
-3.344728992942521018e+01
-3.343659145383438869e+01
-3.337118031403919360e+01
-3.342707511770354500e+01
-3.341815798822608485e+01
-3.359541892816883291e+01
-3.391565983645301685e+01
-3.392176935425291617e+01
-3.396545771228890942e+01
-3.377472871155295309e+01
-3.372623708749902960e+01
-3.377131621803213335e+01
-3.381772259349450138e+01
-3.354375946224303107e+01
-3.363220429053119886e+01
-3.384327230883796034e+01
-3.395365769264390110e+01
-3.392626411717390056e+01
-3.392565696042286305e+01
-3.406155822909352082e+01
-3.404914348309810634e+01
-3.414488334510927814e+01
-3.393786866791550949e+01
-3.398934340706022539e+01
-3.370773377615503819e+01
-3.363639000887360453e+01
-3.353664385606407450e+01
-3.379110768211678106e+01
-3.385650038846959120e+01
-3.369420045980137246e+01
-3.360376800098740802e+01
-3.345816166476496534e+01
-3.347344810147929195e+01
-3.357441752060290696e+01
-3.345224896758747235e+01
-3.353031085702838254e+01
-3.353464175865711638e+01
-3.358605367463918867e+01
-3.378268536574003633e+01
-3.357826118970741902e+01
-3.362485585508073171e+01
-3.363523398970311717e+01
-3.363819534154062296e+01
-3.355717754131374875e+01
-3.345738963899950136e+01
-3.340295716838478768e+01
-3.359866663431381539e+01
-3.385136019700395593e+01
-3.380874552200329219e+01
-3.390948777288644322e+01
-3.375874897605130087e+01
-3.369402828566325070e+01
-3.372593194595901167e+01
-3.373381676219621994e+01
-3.348153596810942645e+01
-3.360602122757861565e+01
-3.380453684651821789e+01
-3.393516301300422100e+01
-3.382531353572641564e+01
-3.377997215504602480e+01
-3.383058159398231624e+01
-3.379931849867961802e+01
-3.393837435205363562e+01
-3.374787780968858897e+01
-3.367557786037099277e+01
-3.340089178484550558e+01
-3.335351172227064609e+01
-3.326692090020845427e+01
-3.358777225012666889e+01
-3.364455848809426897e+01
-3.345495661304462232e+01
-3.337853718284371496e+01
